28 31
1 10 10 10 10 10 10 10 10 10 10 10 10 35 34 10 10 10 10 10 10 10 10 10 10 10 10 0
3 40 40 40 40 40 40 40 40 40 40 40 40 19 18 40 40 40 40 40 40 40 40 40 40 40 40 2
3 40 17 12 12 16 40 17 12 12 12 16 40 19 18 40 17 12 12 12 16 40 17 12 12 16 40 2
3 40 19 42 42 18 40 19 42 42 42 18 40 19 18 40 19 42 42 42 18 40 19 42 42 18 40 2
3 40 21 15 15 20 40 21 15 15 15 20 40 21 20 40 21 15 15 15 20 40 21 15 15 20 40 2
3 40 40 40 40 40 40 40 40 40 40 40 40 40 40 40 40 40 40 40 40 40 40 40 40 40 40 2
3 40 17 12 12 16 40 17 16 40 17 12 12 12 12 12 12 16 40 17 16 40 17 12 12 16 40 2
3 40 21 15 15 20 40 19 18 40 21 15 15 36 38 15 15 20 40 19 18 40 21 15 15 20 40 2
3 40 40 40 40 40 40 19 18 40 40 40 40 19 18 40 40 40 40 19 18 40 40 40 40 40 40 2
5 11 11 11 11 16 40 19 28 12 12 16 40 19 18 40 17 12 12 29 18 40 17 11 11 11 11 4
40 40 40 40 40 3 40 19 38 15 15 20 40 21 20 40 21 15 15 36 18 40 2 40 40 40 40 40
40 40 40 40 40 3 40 19 18 40 40 40 40 40 40 40 40 40 40 19 18 40 2 40 40 40 40 40
40 40 40 40 40 3 40 19 18 40 23 11 27 41 41 26 11 22 40 19 18 40 2 40 40 40 40 40
10 10 10 10 10 20 40 21 20 40 2 40 40 40 40 40 40 3 40 21 20 40 21 10 10 10 10 10
40 40 40 40 40 40 40 40 40 40 2 40 40 40 40 40 40 3 40 40 40 40 40 40 40 40 40 40
11 11 11 11 11 16 40 17 16 40 2 40 40 40 40 40 40 3 40 17 16 40 17 11 11 11 11 11
40 40 40 40 40 3 40 19 18 40 25 10 10 10 10 10 10 24 40 19 18 40 2 40 40 40 40 40
40 40 40 40 40 3 40 19 18 40 40 40 40 40 40 40 40 40 40 19 18 40 2 40 40 40 40 40
40 40 40 40 40 3 40 19 18 40 17 12 12 12 12 12 12 16 40 19 18 40 2 40 40 40 40 40
1 10 10 10 10 20 40 21 20 40 21 15 15 36 38 15 15 20 40 21 20 40 21 10 10 10 10 0
3 40 40 40 40 40 40 40 40 40 40 40 40 19 18 40 40 40 40 40 40 40 40 40 40 40 40 2
3 40 17 12 12 16 40 17 12 12 12 16 40 19 18 40 17 12 12 12 16 40 17 12 12 16 40 2
3 40 21 15 36 18 40 21 15 15 15 20 40 21 20 40 21 15 15 15 20 40 19 38 15 20 40 2
3 40 40 40 19 18 40 40 40 40 40 40 40 40 40 40 40 40 40 40 40 40 19 18 40 40 40 2
7 12 16 40 19 18 40 17 16 40 17 12 12 12 12 12 12 16 40 17 16 40 19 18 40 17 12 6
9 15 20 40 21 20 40 19 18 40 21 15 15 36 38 15 15 20 40 19 18 40 21 20 40 21 15 8
3 40 40 40 40 40 40 19 18 40 40 40 40 19 18 40 40 40 40 19 18 40 40 40 40 40 40 2
3 40 17 12 12 12 12 29 28 12 12 16 40 19 18 40 17 12 12 29 28 12 12 12 12 16 40 2
3 40 21 15 15 15 15 15 15 15 15 20 40 21 20 40 21 15 15 15 15 15 15 15 15 20 40 2
3 40 40 40 40 40 40 40 40 40 40 40 40 40 40 40 40 40 40 40 40 40 40 40 40 40 40 2
5 11 11 11 11 11 11 11 11 11 11 11 11 11 11 11 11 11 11 11 11 11 11 11 11 11 11 4 
 