1 1 1
2 1 1
3 1 1
4 1 1
5 1 1
6 1 1
7 1 1
8 1 1
9 1 1
10 1 1
11 1 1
12 1 1
15 1 1
16 1 1
17 1 1
18 1 1
19 1 1
20 1 1
21 1 1
22 1 1
23 1 1
24 1 1
25 1 1
26 1 1
1 2 1
6 2 1 
12 2 1
15 2 1
21 2 1
26 2 1
1 3 2
6 3 1
12 3 1
15 3 1
21 3 1
26 3 2
1 4 1
6 4 1
12 4 1
15 4 1
21 4 1
26 4 1
1 5 1
2 5 1
3 5 1
4 5 1
5 5 1
6 5 1
7 5 1
8 5 1
9 5 1
10 5 1
11 5 1
12 5 1
13 5 1
14 5 1
15 5 1
16 5 1
17 5 1
18 5 1
19 5 1 
20 5 1
21 5 1 
22 5 1 
23 5 1
24 5 1
25 5 1
26 5 1
1 6 1
6 6 1
9 6 1
18 6 1
21 6 1
26 6 1
1 7 1
6 7 1
9 7 1
18 7 1
21 7 1
26 7 1
1 8 1
2 8 1
3 8 1
4 8 1
5 8 1
6 8 1
9 8 1
10 8 1
11 8 1
12 8 1
15 8 1
16 8 1
17 8 1
18 8 1
21 8 1
22 8 1 
23 8 1
24 8 1
25 8 1
26 8 1
6 9 1
21 9 1
6 10 1
21 10 1
6 11 1
21 11 1
6 12 1
21 12 1
6 13 1
21 13 1
6 14 1
21 14 1
6 15 1
21 15 1
6 16 1
21 16 1
6 17 1
21 17 1
6 18 1
21 18 1
6 19 1
21 19 1
1 20 1
2 20 1
3 20 1
4 20 1
5 20 1
6 20 1
7 20 1
8 20 1
9 20 1
10 20 1
11 20 1
12 20 1
15 20 1
16 20 1
17 20 1
18 20 1
19 20 1
20 20 1
21 20 1
22 20 1
23 20 1
24 20 1
25 20 1
26 20 1
1 21 1
6 21 1
12 21 1
15 21 1
21 21 1
26 21 1
1 22 1
6 22 1
12 22 1
15 22 1
21 22 1
26 22 1
1 23 2
2 23 1
3 23 1
6 23 1
7 23 1
8 23 1
9 23 1
10 23 1
11 23 1
12 23 1
15 23 1
16 23 1
17 23 1
18 23 1
19 23 1
20 23 1
21 23 1
24 23 1
25 23 1
26 23 2
3 24 1
6 24 1
9 24 1
18 24 1
21 24 1
24 24 1
3 25 1
6 25 1
9 25 1
18 25 1
21 25 1
24 25 1
1 26 1
2 26 1
3 26 1
4 26 1
5 26 1
6 26 1
9 26 1
10 26 1
11 26 1
12 26 1
15 26 1
16 26 1
17 26 1
18 26 1
21 26 1
22 26 1
23 26 1
24 26 1
25 26 1
26 26 1
1 27 1
12 27 1
15 27 1
26 27 1
1 28 1
12 28 1
15 28 1
26 28 1
1 29 1
2 29 1
3 29 1
4 29 1
5 29 1
6 29 1
7 29 1
8 29 1
9 29 1
10 29 1
11 29 1
12 29 1
13 29 1
14 29 1
15 29 1
16 29 1
17 29 1
18 29 1
19 29 1
20 29 1
21 29 1
22 29 1
23 29 1
24 29 1
25 29 1
26 29 1
END